[app/ui]
version = 9.1.1
modtime = 1697028715.894676000

[app/launcher]
version = 9.1.1
modtime = 1697028715.907188900
